GenderCode,(ALL),,,,,,,,,,
,,,,,,,,,,,
Count of LastName,BusinessUnit,,,,,,,,,,
Performance Category,BPC,CCDR,EW,MSC,NEL,PL,PYZ,SVG,TNS,WBL,Grand Total
HIGH,37,45,41,34,50,50,44,40,38,40,419
LOW,80,89,78,76,73,68,85,78,75,79,781
MED,152,141,160,158,158,151,146,156,160,148,1530
VERY HIGH,34,25,23,28,23,32,24,30,24,27,270
Grand Total,303,300,302,296,304,301,299,304,297,294,3000
